Total charge: 0.000000
 weighted RMSE: 0.757783 , pure ESP RMSE: 4191.287691
Local charge positions and magnitude:
 0.0000000000  0.0000000000  0.4352719992  1.0000000000
 0.0000000000  0.0000000000  0.2103447631 -0.4534800000
 0.0000000000  0.0000000000  0.5291773938 -0.5465200000
 0.0000000000  0.0000000000 -0.4352719992  1.0000000000
 0.0000000000  0.0000000000 -0.2103447631 -0.4534800000
 0.0000000000  0.0000000000 -0.5291773938 -0.5465200000

Total charge: 0.000000
 weighted RMSE: 0.757783 , pure ESP RMSE: 4191.287691
Local charge positions and magnitude:
 0.0000000079  0.0000000000  0.4352719992  1.0000000000
 0.0000000000  0.0000000000  0.2103447631 -0.4534800000
 0.0000000000  0.0000000000  0.5291773938 -0.5465200000
 0.0000000000  0.0000000000 -0.4352719992  1.0000000000
 0.0000000000  0.0000000000 -0.2103447631 -0.4534800000
 0.0000000000  0.0000000000 -0.5291773938 -0.5465200000

Total charge: 0.000000
 weighted RMSE: 0.757783 , pure ESP RMSE: 4191.287691
Local charge positions and magnitude:
 0.0000000000  0.0000000079  0.4352719992  1.0000000000
 0.0000000000  0.0000000000  0.2103447631 -0.4534800000
 0.0000000000  0.0000000000  0.5291773938 -0.5465200000
 0.0000000000  0.0000000000 -0.4352719992  1.0000000000
 0.0000000000  0.0000000000 -0.2103447631 -0.4534800000
 0.0000000000  0.0000000000 -0.5291773938 -0.5465200000

Total charge: 0.000000
 weighted RMSE: 0.757783 , pure ESP RMSE: 4191.287757
Local charge positions and magnitude:
 0.0000000000  0.0000000000  0.4352720071  1.0000000000
 0.0000000000  0.0000000000  0.2103447631 -0.4534800000
 0.0000000000  0.0000000000  0.5291773938 -0.5465200000
 0.0000000000  0.0000000000 -0.4352719992  1.0000000000
 0.0000000000  0.0000000000 -0.2103447631 -0.4534800000
 0.0000000000  0.0000000000 -0.5291773938 -0.5465200000

Total charge: 0.000000
 weighted RMSE: 0.757783 , pure ESP RMSE: 4191.287691
Local charge positions and magnitude:
 0.0000000000  0.0000000000  0.4352719992  1.0000000149
 0.0000000000  0.0000000000  0.2103447631 -0.4534800000
 0.0000000000  0.0000000000  0.5291773938 -0.5465200000
 0.0000000000  0.0000000000 -0.4352719992  1.0000000000
 0.0000000000  0.0000000000 -0.2103447631 -0.4534800000
 0.0000000000  0.0000000000 -0.5291773938 -0.5465200149

Total charge: 0.000000
 weighted RMSE: 0.757783 , pure ESP RMSE: 4191.287691
Local charge positions and magnitude:
 0.0000000000  0.0000000000  0.4352719992  1.0000000000
 0.0000000079  0.0000000000  0.2103447631 -0.4534800000
 0.0000000000  0.0000000000  0.5291773938 -0.5465200000
 0.0000000000  0.0000000000 -0.4352719992  1.0000000000
 0.0000000000  0.0000000000 -0.2103447631 -0.4534800000
 0.0000000000  0.0000000000 -0.5291773938 -0.5465200000

Total charge: 0.000000
 weighted RMSE: 0.757783 , pure ESP RMSE: 4191.287691
Local charge positions and magnitude:
 0.0000000000  0.0000000000  0.4352719992  1.0000000000
 0.0000000000  0.0000000079  0.2103447631 -0.4534800000
 0.0000000000  0.0000000000  0.5291773938 -0.5465200000
 0.0000000000  0.0000000000 -0.4352719992  1.0000000000
 0.0000000000  0.0000000000 -0.2103447631 -0.4534800000
 0.0000000000  0.0000000000 -0.5291773938 -0.5465200000

Total charge: 0.000000
 weighted RMSE: 0.757783 , pure ESP RMSE: 4191.287691
Local charge positions and magnitude:
 0.0000000000  0.0000000000  0.4352719992  1.0000000000
 0.0000000000  0.0000000000  0.2103447710 -0.4534800000
 0.0000000000  0.0000000000  0.5291773938 -0.5465200000
 0.0000000000  0.0000000000 -0.4352719992  1.0000000000
 0.0000000000  0.0000000000 -0.2103447631 -0.4534800000
 0.0000000000  0.0000000000 -0.5291773938 -0.5465200000

Total charge: 0.000000
 weighted RMSE: 0.757783 , pure ESP RMSE: 4191.287691
Local charge positions and magnitude:
 0.0000000000  0.0000000000  0.4352719992  1.0000000000
 0.0000000000  0.0000000000  0.2103447631 -0.4534799851
 0.0000000000  0.0000000000  0.5291773938 -0.5465200000
 0.0000000000  0.0000000000 -0.4352719992  1.0000000000
 0.0000000000  0.0000000000 -0.2103447631 -0.4534800000
 0.0000000000  0.0000000000 -0.5291773938 -0.5465200149

Total charge: 0.000000
 weighted RMSE: 0.757783 , pure ESP RMSE: 4191.287691
Local charge positions and magnitude:
 0.0000000000  0.0000000000  0.4352719992  1.0000000000
 0.0000000000  0.0000000000  0.2103447631 -0.4534800000
 0.0000000079  0.0000000000  0.5291773938 -0.5465200000
 0.0000000000  0.0000000000 -0.4352719992  1.0000000000
 0.0000000000  0.0000000000 -0.2103447631 -0.4534800000
 0.0000000000  0.0000000000 -0.5291773938 -0.5465200000

Total charge: 0.000000
 weighted RMSE: 0.757783 , pure ESP RMSE: 4191.287691
Local charge positions and magnitude:
 0.0000000000  0.0000000000  0.4352719992  1.0000000000
 0.0000000000  0.0000000000  0.2103447631 -0.4534800000
 0.0000000000  0.0000000079  0.5291773938 -0.5465200000
 0.0000000000  0.0000000000 -0.4352719992  1.0000000000
 0.0000000000  0.0000000000 -0.2103447631 -0.4534800000
 0.0000000000  0.0000000000 -0.5291773938 -0.5465200000

Total charge: 0.000000
 weighted RMSE: 0.757783 , pure ESP RMSE: 4191.287810
Local charge positions and magnitude:
 0.0000000000  0.0000000000  0.4352719992  1.0000000000
 0.0000000000  0.0000000000  0.2103447631 -0.4534800000
 0.0000000000  0.0000000000  0.5291774017 -0.5465200000
 0.0000000000  0.0000000000 -0.4352719992  1.0000000000
 0.0000000000  0.0000000000 -0.2103447631 -0.4534800000
 0.0000000000  0.0000000000 -0.5291773938 -0.5465200000

Total charge: 0.000000
 weighted RMSE: 0.757783 , pure ESP RMSE: 4191.287691
Local charge positions and magnitude:
 0.0000000000  0.0000000000  0.4352719992  1.0000000000
 0.0000000000  0.0000000000  0.2103447631 -0.4534800000
 0.0000000000  0.0000000000  0.5291773938 -0.5465199851
 0.0000000000  0.0000000000 -0.4352719992  1.0000000000
 0.0000000000  0.0000000000 -0.2103447631 -0.4534800000
 0.0000000000  0.0000000000 -0.5291773938 -0.5465200149

Total charge: 0.000000
 weighted RMSE: 0.757783 , pure ESP RMSE: 4191.287691
Local charge positions and magnitude:
 0.0000000000  0.0000000000  0.4352719992  1.0000000000
 0.0000000000  0.0000000000  0.2103447631 -0.4534800000
 0.0000000000  0.0000000000  0.5291773938 -0.5465200000
 0.0000000079  0.0000000000 -0.4352719992  1.0000000000
 0.0000000000  0.0000000000 -0.2103447631 -0.4534800000
 0.0000000000  0.0000000000 -0.5291773938 -0.5465200000

Total charge: 0.000000
 weighted RMSE: 0.757783 , pure ESP RMSE: 4191.287691
Local charge positions and magnitude:
 0.0000000000  0.0000000000  0.4352719992  1.0000000000
 0.0000000000  0.0000000000  0.2103447631 -0.4534800000
 0.0000000000  0.0000000000  0.5291773938 -0.5465200000
 0.0000000000  0.0000000079 -0.4352719992  1.0000000000
 0.0000000000  0.0000000000 -0.2103447631 -0.4534800000
 0.0000000000  0.0000000000 -0.5291773938 -0.5465200000

Total charge: 0.000000
 weighted RMSE: 0.757783 , pure ESP RMSE: 4191.287624
Local charge positions and magnitude:
 0.0000000000  0.0000000000  0.4352719992  1.0000000000
 0.0000000000  0.0000000000  0.2103447631 -0.4534800000
 0.0000000000  0.0000000000  0.5291773938 -0.5465200000
 0.0000000000  0.0000000000 -0.4352719913  1.0000000000
 0.0000000000  0.0000000000 -0.2103447631 -0.4534800000
 0.0000000000  0.0000000000 -0.5291773938 -0.5465200000

Total charge: 0.000000
 weighted RMSE: 0.757783 , pure ESP RMSE: 4191.287691
Local charge positions and magnitude:
 0.0000000000  0.0000000000  0.4352719992  1.0000000000
 0.0000000000  0.0000000000  0.2103447631 -0.4534800000
 0.0000000000  0.0000000000  0.5291773938 -0.5465200000
 0.0000000000  0.0000000000 -0.4352719992  1.0000000149
 0.0000000000  0.0000000000 -0.2103447631 -0.4534800000
 0.0000000000  0.0000000000 -0.5291773938 -0.5465200149

Total charge: 0.000000
 weighted RMSE: 0.757783 , pure ESP RMSE: 4191.287691
Local charge positions and magnitude:
 0.0000000000  0.0000000000  0.4352719992  1.0000000000
 0.0000000000  0.0000000000  0.2103447631 -0.4534800000
 0.0000000000  0.0000000000  0.5291773938 -0.5465200000
 0.0000000000  0.0000000000 -0.4352719992  1.0000000000
 0.0000000079  0.0000000000 -0.2103447631 -0.4534800000
 0.0000000000  0.0000000000 -0.5291773938 -0.5465200000

Total charge: 0.000000
 weighted RMSE: 0.757783 , pure ESP RMSE: 4191.287691
Local charge positions and magnitude:
 0.0000000000  0.0000000000  0.4352719992  1.0000000000
 0.0000000000  0.0000000000  0.2103447631 -0.4534800000
 0.0000000000  0.0000000000  0.5291773938 -0.5465200000
 0.0000000000  0.0000000000 -0.4352719992  1.0000000000
 0.0000000000  0.0000000079 -0.2103447631 -0.4534800000
 0.0000000000  0.0000000000 -0.5291773938 -0.5465200000

Total charge: 0.000000
 weighted RMSE: 0.757783 , pure ESP RMSE: 4191.287691
Local charge positions and magnitude:
 0.0000000000  0.0000000000  0.4352719992  1.0000000000
 0.0000000000  0.0000000000  0.2103447631 -0.4534800000
 0.0000000000  0.0000000000  0.5291773938 -0.5465200000
 0.0000000000  0.0000000000 -0.4352719992  1.0000000000
 0.0000000000  0.0000000000 -0.2103447552 -0.4534800000
 0.0000000000  0.0000000000 -0.5291773938 -0.5465200000

Total charge: 0.000000
 weighted RMSE: 0.757783 , pure ESP RMSE: 4191.287691
Local charge positions and magnitude:
 0.0000000000  0.0000000000  0.4352719992  1.0000000000
 0.0000000000  0.0000000000  0.2103447631 -0.4534800000
 0.0000000000  0.0000000000  0.5291773938 -0.5465200000
 0.0000000000  0.0000000000 -0.4352719992  1.0000000000
 0.0000000000  0.0000000000 -0.2103447631 -0.4534799851
 0.0000000000  0.0000000000 -0.5291773938 -0.5465200149

Total charge: 0.000000
 weighted RMSE: 0.757783 , pure ESP RMSE: 4191.287691
Local charge positions and magnitude:
 0.0000000000  0.0000000000  0.4352719992  1.0000000000
 0.0000000000  0.0000000000  0.2103447631 -0.4534800000
 0.0000000000  0.0000000000  0.5291773938 -0.5465200000
 0.0000000000  0.0000000000 -0.4352719992  1.0000000000
 0.0000000000  0.0000000000 -0.2103447631 -0.4534800000
 0.0000000079  0.0000000000 -0.5291773938 -0.5465200000

Total charge: 0.000000
 weighted RMSE: 0.757783 , pure ESP RMSE: 4191.287691
Local charge positions and magnitude:
 0.0000000000  0.0000000000  0.4352719992  1.0000000000
 0.0000000000  0.0000000000  0.2103447631 -0.4534800000
 0.0000000000  0.0000000000  0.5291773938 -0.5465200000
 0.0000000000  0.0000000000 -0.4352719992  1.0000000000
 0.0000000000  0.0000000000 -0.2103447631 -0.4534800000
 0.0000000000  0.0000000079 -0.5291773938 -0.5465200000

Total charge: 0.000000
 weighted RMSE: 0.757783 , pure ESP RMSE: 4191.287571
Local charge positions and magnitude:
 0.0000000000  0.0000000000  0.4352719992  1.0000000000
 0.0000000000  0.0000000000  0.2103447631 -0.4534800000
 0.0000000000  0.0000000000  0.5291773938 -0.5465200000
 0.0000000000  0.0000000000 -0.4352719992  1.0000000000
 0.0000000000  0.0000000000 -0.2103447631 -0.4534800000
 0.0000000000  0.0000000000 -0.5291773859 -0.5465200000

Total charge: 0.000000
 weighted RMSE: 0.757783 , pure ESP RMSE: 4191.287691
Local charge positions and magnitude:
 0.0000000000  0.0000000000  0.4352719992  1.0000000000
 0.0000000000  0.0000000000  0.2103447631 -0.4534800000
 0.0000000000  0.0000000000  0.5291773938 -0.5465200000
 0.0000000000  0.0000000000 -0.4352719992  1.0000000000
 0.0000000000  0.0000000000 -0.2103447631 -0.4534800000
 0.0000000000  0.0000000000 -0.5291773938 -0.5465200000

Total charge: 0.000000
 weighted RMSE: 0.752768 , pure ESP RMSE: 0.752768
Local charge positions and magnitude:
 0.0000000000  0.0000000000  0.2517458469  0.9999338464
 0.0000000000  0.0000000000  0.2102752027 -0.4536922734
 0.0000000000  0.0000000000  0.1988037774 -0.5465117915
 0.0000000000  0.0000000000 -0.2517428435  0.9999266854
 0.0000000000  0.0000000000 -0.2102763869 -0.4536971918
 0.0000000000  0.0000000000 -0.1988055889 -0.5459592750

Total charge: 0.000000
 weighted RMSE: 0.752768 , pure ESP RMSE: 0.752768
Local charge positions and magnitude:
 0.0000000079  0.0000000000  0.2517458469  0.9999338464
 0.0000000000  0.0000000000  0.2102752027 -0.4536922734
 0.0000000000  0.0000000000  0.1988037774 -0.5465117915
 0.0000000000  0.0000000000 -0.2517428435  0.9999266854
 0.0000000000  0.0000000000 -0.2102763869 -0.4536971918
 0.0000000000  0.0000000000 -0.1988055889 -0.5459592750

Total charge: 0.000000
 weighted RMSE: 0.752768 , pure ESP RMSE: 0.752768
Local charge positions and magnitude:
 0.0000000000  0.0000000079  0.2517458469  0.9999338464
 0.0000000000  0.0000000000  0.2102752027 -0.4536922734
 0.0000000000  0.0000000000  0.1988037774 -0.5465117915
 0.0000000000  0.0000000000 -0.2517428435  0.9999266854
 0.0000000000  0.0000000000 -0.2102763869 -0.4536971918
 0.0000000000  0.0000000000 -0.1988055889 -0.5459592750

Total charge: 0.000000
 weighted RMSE: 0.752768 , pure ESP RMSE: 0.752768
Local charge positions and magnitude:
 0.0000000000  0.0000000000  0.2517458547  0.9999338464
 0.0000000000  0.0000000000  0.2102752027 -0.4536922734
 0.0000000000  0.0000000000  0.1988037774 -0.5465117915
 0.0000000000  0.0000000000 -0.2517428435  0.9999266854
 0.0000000000  0.0000000000 -0.2102763869 -0.4536971918
 0.0000000000  0.0000000000 -0.1988055889 -0.5459592750

Total charge: 0.000000
 weighted RMSE: 0.752768 , pure ESP RMSE: 0.752768
Local charge positions and magnitude:
 0.0000000000  0.0000000000  0.2517458469  0.9999338613
 0.0000000000  0.0000000000  0.2102752027 -0.4536922734
 0.0000000000  0.0000000000  0.1988037774 -0.5465117915
 0.0000000000  0.0000000000 -0.2517428435  0.9999266854
 0.0000000000  0.0000000000 -0.2102763869 -0.4536971918
 0.0000000000  0.0000000000 -0.1988055889 -0.5459592899

Total charge: 0.000000
 weighted RMSE: 0.752768 , pure ESP RMSE: 0.752768
Local charge positions and magnitude:
 0.0000000000  0.0000000000  0.2517458469  0.9999338464
 0.0000000079  0.0000000000  0.2102752027 -0.4536922734
 0.0000000000  0.0000000000  0.1988037774 -0.5465117915
 0.0000000000  0.0000000000 -0.2517428435  0.9999266854
 0.0000000000  0.0000000000 -0.2102763869 -0.4536971918
 0.0000000000  0.0000000000 -0.1988055889 -0.5459592750

Total charge: 0.000000
 weighted RMSE: 0.752768 , pure ESP RMSE: 0.752768
Local charge positions and magnitude:
 0.0000000000  0.0000000000  0.2517458469  0.9999338464
 0.0000000000  0.0000000079  0.2102752027 -0.4536922734
 0.0000000000  0.0000000000  0.1988037774 -0.5465117915
 0.0000000000  0.0000000000 -0.2517428435  0.9999266854
 0.0000000000  0.0000000000 -0.2102763869 -0.4536971918
 0.0000000000  0.0000000000 -0.1988055889 -0.5459592750

Total charge: 0.000000
 weighted RMSE: 0.752768 , pure ESP RMSE: 0.752768
Local charge positions and magnitude:
 0.0000000000  0.0000000000  0.2517458469  0.9999338464
 0.0000000000  0.0000000000  0.2102752105 -0.4536922734
 0.0000000000  0.0000000000  0.1988037774 -0.5465117915
 0.0000000000  0.0000000000 -0.2517428435  0.9999266854
 0.0000000000  0.0000000000 -0.2102763869 -0.4536971918
 0.0000000000  0.0000000000 -0.1988055889 -0.5459592750

Total charge: 0.000000
 weighted RMSE: 0.752768 , pure ESP RMSE: 0.752768
Local charge positions and magnitude:
 0.0000000000  0.0000000000  0.2517458469  0.9999338464
 0.0000000000  0.0000000000  0.2102752027 -0.4536922585
 0.0000000000  0.0000000000  0.1988037774 -0.5465117915
 0.0000000000  0.0000000000 -0.2517428435  0.9999266854
 0.0000000000  0.0000000000 -0.2102763869 -0.4536971918
 0.0000000000  0.0000000000 -0.1988055889 -0.5459592899

Total charge: 0.000000
 weighted RMSE: 0.752768 , pure ESP RMSE: 0.752768
Local charge positions and magnitude:
 0.0000000000  0.0000000000  0.2517458469  0.9999338464
 0.0000000000  0.0000000000  0.2102752027 -0.4536922734
 0.0000000079  0.0000000000  0.1988037774 -0.5465117915
 0.0000000000  0.0000000000 -0.2517428435  0.9999266854
 0.0000000000  0.0000000000 -0.2102763869 -0.4536971918
 0.0000000000  0.0000000000 -0.1988055889 -0.5459592750

Total charge: 0.000000
 weighted RMSE: 0.752768 , pure ESP RMSE: 0.752768
Local charge positions and magnitude:
 0.0000000000  0.0000000000  0.2517458469  0.9999338464
 0.0000000000  0.0000000000  0.2102752027 -0.4536922734
 0.0000000000  0.0000000079  0.1988037774 -0.5465117915
 0.0000000000  0.0000000000 -0.2517428435  0.9999266854
 0.0000000000  0.0000000000 -0.2102763869 -0.4536971918
 0.0000000000  0.0000000000 -0.1988055889 -0.5459592750

Total charge: 0.000000
 weighted RMSE: 0.752768 , pure ESP RMSE: 0.752768
Local charge positions and magnitude:
 0.0000000000  0.0000000000  0.2517458469  0.9999338464
 0.0000000000  0.0000000000  0.2102752027 -0.4536922734
 0.0000000000  0.0000000000  0.1988037853 -0.5465117915
 0.0000000000  0.0000000000 -0.2517428435  0.9999266854
 0.0000000000  0.0000000000 -0.2102763869 -0.4536971918
 0.0000000000  0.0000000000 -0.1988055889 -0.5459592750

Total charge: 0.000000
 weighted RMSE: 0.752768 , pure ESP RMSE: 0.752768
Local charge positions and magnitude:
 0.0000000000  0.0000000000  0.2517458469  0.9999338464
 0.0000000000  0.0000000000  0.2102752027 -0.4536922734
 0.0000000000  0.0000000000  0.1988037774 -0.5465117766
 0.0000000000  0.0000000000 -0.2517428435  0.9999266854
 0.0000000000  0.0000000000 -0.2102763869 -0.4536971918
 0.0000000000  0.0000000000 -0.1988055889 -0.5459592899

Total charge: 0.000000
 weighted RMSE: 0.752768 , pure ESP RMSE: 0.752768
Local charge positions and magnitude:
 0.0000000000  0.0000000000  0.2517458469  0.9999338464
 0.0000000000  0.0000000000  0.2102752027 -0.4536922734
 0.0000000000  0.0000000000  0.1988037774 -0.5465117915
 0.0000000079  0.0000000000 -0.2517428435  0.9999266854
 0.0000000000  0.0000000000 -0.2102763869 -0.4536971918
 0.0000000000  0.0000000000 -0.1988055889 -0.5459592750

Total charge: 0.000000
 weighted RMSE: 0.752768 , pure ESP RMSE: 0.752768
Local charge positions and magnitude:
 0.0000000000  0.0000000000  0.2517458469  0.9999338464
 0.0000000000  0.0000000000  0.2102752027 -0.4536922734
 0.0000000000  0.0000000000  0.1988037774 -0.5465117915
 0.0000000000  0.0000000079 -0.2517428435  0.9999266854
 0.0000000000  0.0000000000 -0.2102763869 -0.4536971918
 0.0000000000  0.0000000000 -0.1988055889 -0.5459592750

Total charge: 0.000000
 weighted RMSE: 0.752768 , pure ESP RMSE: 0.752768
Local charge positions and magnitude:
 0.0000000000  0.0000000000  0.2517458469  0.9999338464
 0.0000000000  0.0000000000  0.2102752027 -0.4536922734
 0.0000000000  0.0000000000  0.1988037774 -0.5465117915
 0.0000000000  0.0000000000 -0.2517428356  0.9999266854
 0.0000000000  0.0000000000 -0.2102763869 -0.4536971918
 0.0000000000  0.0000000000 -0.1988055889 -0.5459592750

Total charge: 0.000000
 weighted RMSE: 0.752768 , pure ESP RMSE: 0.752768
Local charge positions and magnitude:
 0.0000000000  0.0000000000  0.2517458469  0.9999338464
 0.0000000000  0.0000000000  0.2102752027 -0.4536922734
 0.0000000000  0.0000000000  0.1988037774 -0.5465117915
 0.0000000000  0.0000000000 -0.2517428435  0.9999267003
 0.0000000000  0.0000000000 -0.2102763869 -0.4536971918
 0.0000000000  0.0000000000 -0.1988055889 -0.5459592899

Total charge: 0.000000
 weighted RMSE: 0.752768 , pure ESP RMSE: 0.752768
Local charge positions and magnitude:
 0.0000000000  0.0000000000  0.2517458469  0.9999338464
 0.0000000000  0.0000000000  0.2102752027 -0.4536922734
 0.0000000000  0.0000000000  0.1988037774 -0.5465117915
 0.0000000000  0.0000000000 -0.2517428435  0.9999266854
 0.0000000079  0.0000000000 -0.2102763869 -0.4536971918
 0.0000000000  0.0000000000 -0.1988055889 -0.5459592750

Total charge: 0.000000
 weighted RMSE: 0.752768 , pure ESP RMSE: 0.752768
Local charge positions and magnitude:
 0.0000000000  0.0000000000  0.2517458469  0.9999338464
 0.0000000000  0.0000000000  0.2102752027 -0.4536922734
 0.0000000000  0.0000000000  0.1988037774 -0.5465117915
 0.0000000000  0.0000000000 -0.2517428435  0.9999266854
 0.0000000000  0.0000000079 -0.2102763869 -0.4536971918
 0.0000000000  0.0000000000 -0.1988055889 -0.5459592750

Total charge: 0.000000
 weighted RMSE: 0.752768 , pure ESP RMSE: 0.752768
Local charge positions and magnitude:
 0.0000000000  0.0000000000  0.2517458469  0.9999338464
 0.0000000000  0.0000000000  0.2102752027 -0.4536922734
 0.0000000000  0.0000000000  0.1988037774 -0.5465117915
 0.0000000000  0.0000000000 -0.2517428435  0.9999266854
 0.0000000000  0.0000000000 -0.2102763790 -0.4536971918
 0.0000000000  0.0000000000 -0.1988055889 -0.5459592750

Total charge: 0.000000
 weighted RMSE: 0.752768 , pure ESP RMSE: 0.752768
Local charge positions and magnitude:
 0.0000000000  0.0000000000  0.2517458469  0.9999338464
 0.0000000000  0.0000000000  0.2102752027 -0.4536922734
 0.0000000000  0.0000000000  0.1988037774 -0.5465117915
 0.0000000000  0.0000000000 -0.2517428435  0.9999266854
 0.0000000000  0.0000000000 -0.2102763869 -0.4536971769
 0.0000000000  0.0000000000 -0.1988055889 -0.5459592899

Total charge: 0.000000
 weighted RMSE: 0.752768 , pure ESP RMSE: 0.752768
Local charge positions and magnitude:
 0.0000000000  0.0000000000  0.2517458469  0.9999338464
 0.0000000000  0.0000000000  0.2102752027 -0.4536922734
 0.0000000000  0.0000000000  0.1988037774 -0.5465117915
 0.0000000000  0.0000000000 -0.2517428435  0.9999266854
 0.0000000000  0.0000000000 -0.2102763869 -0.4536971918
 0.0000000079  0.0000000000 -0.1988055889 -0.5459592750

Total charge: 0.000000
 weighted RMSE: 0.752768 , pure ESP RMSE: 0.752768
Local charge positions and magnitude:
 0.0000000000  0.0000000000  0.2517458469  0.9999338464
 0.0000000000  0.0000000000  0.2102752027 -0.4536922734
 0.0000000000  0.0000000000  0.1988037774 -0.5465117915
 0.0000000000  0.0000000000 -0.2517428435  0.9999266854
 0.0000000000  0.0000000000 -0.2102763869 -0.4536971918
 0.0000000000  0.0000000079 -0.1988055889 -0.5459592750

Total charge: 0.000000
 weighted RMSE: 0.752768 , pure ESP RMSE: 0.752768
Local charge positions and magnitude:
 0.0000000000  0.0000000000  0.2517458469  0.9999338464
 0.0000000000  0.0000000000  0.2102752027 -0.4536922734
 0.0000000000  0.0000000000  0.1988037774 -0.5465117915
 0.0000000000  0.0000000000 -0.2517428435  0.9999266854
 0.0000000000  0.0000000000 -0.2102763869 -0.4536971918
 0.0000000000  0.0000000000 -0.1988055811 -0.5459592750

Total charge: 0.000000
 weighted RMSE: 0.752768 , pure ESP RMSE: 0.752768
Local charge positions and magnitude:
 0.0000000000  0.0000000000  0.2517458469  0.9999338464
 0.0000000000  0.0000000000  0.2102752027 -0.4536922734
 0.0000000000  0.0000000000  0.1988037774 -0.5465117915
 0.0000000000  0.0000000000 -0.2517428435  0.9999266854
 0.0000000000  0.0000000000 -0.2102763869 -0.4536971918
 0.0000000000  0.0000000000 -0.1988055889 -0.5459592750

Total charge: 0.000000
 weighted RMSE: 239.011303 , pure ESP RMSE: 255686.395126
Local charge positions and magnitude:
 0.0000000000  0.0000000000  1.9256940039  2.2507255430
 0.0000000000  0.0000000000 -0.5306014190  0.5501512570
 0.0000000000  0.0000000000 -0.7307159878  0.3908756191
 0.0000000000  0.0000000000 -1.4706490807  1.2271160756
 0.0000000000  0.0000000000  0.3235358363 -0.4059463798
 0.0000000000  0.0000000000  0.4804467312 -4.0129221149

Total charge: 0.000000
 weighted RMSE: 239.011303 , pure ESP RMSE: 255686.395126
Local charge positions and magnitude:
 0.0000000079  0.0000000000  1.9256940039  2.2507255430
 0.0000000000  0.0000000000 -0.5306014190  0.5501512570
 0.0000000000  0.0000000000 -0.7307159878  0.3908756191
 0.0000000000  0.0000000000 -1.4706490807  1.2271160756
 0.0000000000  0.0000000000  0.3235358363 -0.4059463798
 0.0000000000  0.0000000000  0.4804467312 -4.0129221149

Total charge: 0.000000
 weighted RMSE: 239.011303 , pure ESP RMSE: 255686.395126
Local charge positions and magnitude:
 0.0000000000  0.0000000079  1.9256940039  2.2507255430
 0.0000000000  0.0000000000 -0.5306014190  0.5501512570
 0.0000000000  0.0000000000 -0.7307159878  0.3908756191
 0.0000000000  0.0000000000 -1.4706490807  1.2271160756
 0.0000000000  0.0000000000  0.3235358363 -0.4059463798
 0.0000000000  0.0000000000  0.4804467312 -4.0129221149

Total charge: 0.000000
 weighted RMSE: 239.011301 , pure ESP RMSE: 255686.396029
Local charge positions and magnitude:
 0.0000000000  0.0000000000  1.9256940118  2.2507255430
 0.0000000000  0.0000000000 -0.5306014190  0.5501512570
 0.0000000000  0.0000000000 -0.7307159878  0.3908756191
 0.0000000000  0.0000000000 -1.4706490807  1.2271160756
 0.0000000000  0.0000000000  0.3235358363 -0.4059463798
 0.0000000000  0.0000000000  0.4804467312 -4.0129221149

Total charge: 0.000000
 weighted RMSE: 239.011305 , pure ESP RMSE: 255686.396398
Local charge positions and magnitude:
 0.0000000000  0.0000000000  1.9256940039  2.2507255579
 0.0000000000  0.0000000000 -0.5306014190  0.5501512570
 0.0000000000  0.0000000000 -0.7307159878  0.3908756191
 0.0000000000  0.0000000000 -1.4706490807  1.2271160756
 0.0000000000  0.0000000000  0.3235358363 -0.4059463798
 0.0000000000  0.0000000000  0.4804467312 -4.0129221298

Total charge: 0.000000
 weighted RMSE: 239.011303 , pure ESP RMSE: 255686.395126
Local charge positions and magnitude:
 0.0000000000  0.0000000000  1.9256940039  2.2507255430
 0.0000000079  0.0000000000 -0.5306014190  0.5501512570
 0.0000000000  0.0000000000 -0.7307159878  0.3908756191
 0.0000000000  0.0000000000 -1.4706490807  1.2271160756
 0.0000000000  0.0000000000  0.3235358363 -0.4059463798
 0.0000000000  0.0000000000  0.4804467312 -4.0129221149

Total charge: 0.000000
 weighted RMSE: 239.011303 , pure ESP RMSE: 255686.395126
Local charge positions and magnitude:
 0.0000000000  0.0000000000  1.9256940039  2.2507255430
 0.0000000000  0.0000000079 -0.5306014190  0.5501512570
 0.0000000000  0.0000000000 -0.7307159878  0.3908756191
 0.0000000000  0.0000000000 -1.4706490807  1.2271160756
 0.0000000000  0.0000000000  0.3235358363 -0.4059463798
 0.0000000000  0.0000000000  0.4804467312 -4.0129221149

Total charge: 0.000000
 weighted RMSE: 239.011303 , pure ESP RMSE: 255686.395006
Local charge positions and magnitude:
 0.0000000000  0.0000000000  1.9256940039  2.2507255430
 0.0000000000  0.0000000000 -0.5306014112  0.5501512570
 0.0000000000  0.0000000000 -0.7307159878  0.3908756191
 0.0000000000  0.0000000000 -1.4706490807  1.2271160756
 0.0000000000  0.0000000000  0.3235358363 -0.4059463798
 0.0000000000  0.0000000000  0.4804467312 -4.0129221149

Total charge: 0.000000
 weighted RMSE: 239.011303 , pure ESP RMSE: 255686.396024
Local charge positions and magnitude:
 0.0000000000  0.0000000000  1.9256940039  2.2507255430
 0.0000000000  0.0000000000 -0.5306014190  0.5501512719
 0.0000000000  0.0000000000 -0.7307159878  0.3908756191
 0.0000000000  0.0000000000 -1.4706490807  1.2271160756
 0.0000000000  0.0000000000  0.3235358363 -0.4059463798
 0.0000000000  0.0000000000  0.4804467312 -4.0129221298

Total charge: 0.000000
 weighted RMSE: 239.011303 , pure ESP RMSE: 255686.395126
Local charge positions and magnitude:
 0.0000000000  0.0000000000  1.9256940039  2.2507255430
 0.0000000000  0.0000000000 -0.5306014190  0.5501512570
 0.0000000079  0.0000000000 -0.7307159878  0.3908756191
 0.0000000000  0.0000000000 -1.4706490807  1.2271160756
 0.0000000000  0.0000000000  0.3235358363 -0.4059463798
 0.0000000000  0.0000000000  0.4804467312 -4.0129221149

Total charge: 0.000000
 weighted RMSE: 239.011303 , pure ESP RMSE: 255686.395126
Local charge positions and magnitude:
 0.0000000000  0.0000000000  1.9256940039  2.2507255430
 0.0000000000  0.0000000000 -0.5306014190  0.5501512570
 0.0000000000  0.0000000079 -0.7307159878  0.3908756191
 0.0000000000  0.0000000000 -1.4706490807  1.2271160756
 0.0000000000  0.0000000000  0.3235358363 -0.4059463798
 0.0000000000  0.0000000000  0.4804467312 -4.0129221149

Total charge: 0.000000
 weighted RMSE: 239.011303 , pure ESP RMSE: 255686.394893
Local charge positions and magnitude:
 0.0000000000  0.0000000000  1.9256940039  2.2507255430
 0.0000000000  0.0000000000 -0.5306014190  0.5501512570
 0.0000000000  0.0000000000 -0.7307159800  0.3908756191
 0.0000000000  0.0000000000 -1.4706490807  1.2271160756
 0.0000000000  0.0000000000  0.3235358363 -0.4059463798
 0.0000000000  0.0000000000  0.4804467312 -4.0129221149

Total charge: 0.000000
 weighted RMSE: 239.011303 , pure ESP RMSE: 255686.396024
Local charge positions and magnitude:
 0.0000000000  0.0000000000  1.9256940039  2.2507255430
 0.0000000000  0.0000000000 -0.5306014190  0.5501512570
 0.0000000000  0.0000000000 -0.7307159878  0.3908756340
 0.0000000000  0.0000000000 -1.4706490807  1.2271160756
 0.0000000000  0.0000000000  0.3235358363 -0.4059463798
 0.0000000000  0.0000000000  0.4804467312 -4.0129221298

Total charge: 0.000000
 weighted RMSE: 239.011303 , pure ESP RMSE: 255686.395126
Local charge positions and magnitude:
 0.0000000000  0.0000000000  1.9256940039  2.2507255430
 0.0000000000  0.0000000000 -0.5306014190  0.5501512570
 0.0000000000  0.0000000000 -0.7307159878  0.3908756191
 0.0000000079  0.0000000000 -1.4706490807  1.2271160756
 0.0000000000  0.0000000000  0.3235358363 -0.4059463798
 0.0000000000  0.0000000000  0.4804467312 -4.0129221149

Total charge: 0.000000
 weighted RMSE: 239.011303 , pure ESP RMSE: 255686.395126
Local charge positions and magnitude:
 0.0000000000  0.0000000000  1.9256940039  2.2507255430
 0.0000000000  0.0000000000 -0.5306014190  0.5501512570
 0.0000000000  0.0000000000 -0.7307159878  0.3908756191
 0.0000000000  0.0000000079 -1.4706490807  1.2271160756
 0.0000000000  0.0000000000  0.3235358363 -0.4059463798
 0.0000000000  0.0000000000  0.4804467312 -4.0129221149

Total charge: 0.000000
 weighted RMSE: 239.011305 , pure ESP RMSE: 255686.394478
Local charge positions and magnitude:
 0.0000000000  0.0000000000  1.9256940039  2.2507255430
 0.0000000000  0.0000000000 -0.5306014190  0.5501512570
 0.0000000000  0.0000000000 -0.7307159878  0.3908756191
 0.0000000000  0.0000000000 -1.4706490729  1.2271160756
 0.0000000000  0.0000000000  0.3235358363 -0.4059463798
 0.0000000000  0.0000000000  0.4804467312 -4.0129221149

Total charge: 0.000000
 weighted RMSE: 239.011304 , pure ESP RMSE: 255686.396092
Local charge positions and magnitude:
 0.0000000000  0.0000000000  1.9256940039  2.2507255430
 0.0000000000  0.0000000000 -0.5306014190  0.5501512570
 0.0000000000  0.0000000000 -0.7307159878  0.3908756191
 0.0000000000  0.0000000000 -1.4706490807  1.2271160905
 0.0000000000  0.0000000000  0.3235358363 -0.4059463798
 0.0000000000  0.0000000000  0.4804467312 -4.0129221298

Total charge: 0.000000
 weighted RMSE: 239.011303 , pure ESP RMSE: 255686.395126
Local charge positions and magnitude:
 0.0000000000  0.0000000000  1.9256940039  2.2507255430
 0.0000000000  0.0000000000 -0.5306014190  0.5501512570
 0.0000000000  0.0000000000 -0.7307159878  0.3908756191
 0.0000000000  0.0000000000 -1.4706490807  1.2271160756
 0.0000000079  0.0000000000  0.3235358363 -0.4059463798
 0.0000000000  0.0000000000  0.4804467312 -4.0129221149

Total charge: 0.000000
 weighted RMSE: 239.011303 , pure ESP RMSE: 255686.395126
Local charge positions and magnitude:
 0.0000000000  0.0000000000  1.9256940039  2.2507255430
 0.0000000000  0.0000000000 -0.5306014190  0.5501512570
 0.0000000000  0.0000000000 -0.7307159878  0.3908756191
 0.0000000000  0.0000000000 -1.4706490807  1.2271160756
 0.0000000000  0.0000000079  0.3235358363 -0.4059463798
 0.0000000000  0.0000000000  0.4804467312 -4.0129221149

Total charge: 0.000000
 weighted RMSE: 239.011303 , pure ESP RMSE: 255686.395129
Local charge positions and magnitude:
 0.0000000000  0.0000000000  1.9256940039  2.2507255430
 0.0000000000  0.0000000000 -0.5306014190  0.5501512570
 0.0000000000  0.0000000000 -0.7307159878  0.3908756191
 0.0000000000  0.0000000000 -1.4706490807  1.2271160756
 0.0000000000  0.0000000000  0.3235358442 -0.4059463798
 0.0000000000  0.0000000000  0.4804467312 -4.0129221149

Total charge: 0.000000
 weighted RMSE: 239.011303 , pure ESP RMSE: 255686.396024
Local charge positions and magnitude:
 0.0000000000  0.0000000000  1.9256940039  2.2507255430
 0.0000000000  0.0000000000 -0.5306014190  0.5501512570
 0.0000000000  0.0000000000 -0.7307159878  0.3908756191
 0.0000000000  0.0000000000 -1.4706490807  1.2271160756
 0.0000000000  0.0000000000  0.3235358363 -0.4059463649
 0.0000000000  0.0000000000  0.4804467312 -4.0129221298

Total charge: 0.000000
 weighted RMSE: 239.011303 , pure ESP RMSE: 255686.395126
Local charge positions and magnitude:
 0.0000000000  0.0000000000  1.9256940039  2.2507255430
 0.0000000000  0.0000000000 -0.5306014190  0.5501512570
 0.0000000000  0.0000000000 -0.7307159878  0.3908756191
 0.0000000000  0.0000000000 -1.4706490807  1.2271160756
 0.0000000000  0.0000000000  0.3235358363 -0.4059463798
 0.0000000079  0.0000000000  0.4804467312 -4.0129221149

Total charge: 0.000000
 weighted RMSE: 239.011303 , pure ESP RMSE: 255686.395126
Local charge positions and magnitude:
 0.0000000000  0.0000000000  1.9256940039  2.2507255430
 0.0000000000  0.0000000000 -0.5306014190  0.5501512570
 0.0000000000  0.0000000000 -0.7307159878  0.3908756191
 0.0000000000  0.0000000000 -1.4706490807  1.2271160756
 0.0000000000  0.0000000000  0.3235358363 -0.4059463798
 0.0000000000  0.0000000079  0.4804467312 -4.0129221149

Total charge: 0.000000
 weighted RMSE: 239.011303 , pure ESP RMSE: 255686.395218
Local charge positions and magnitude:
 0.0000000000  0.0000000000  1.9256940039  2.2507255430
 0.0000000000  0.0000000000 -0.5306014190  0.5501512570
 0.0000000000  0.0000000000 -0.7307159878  0.3908756191
 0.0000000000  0.0000000000 -1.4706490807  1.2271160756
 0.0000000000  0.0000000000  0.3235358363 -0.4059463798
 0.0000000000  0.0000000000  0.4804467391 -4.0129221149

Total charge: 0.000000
 weighted RMSE: 239.011303 , pure ESP RMSE: 255686.395126
Local charge positions and magnitude:
 0.0000000000  0.0000000000  1.9256940039  2.2507255430
 0.0000000000  0.0000000000 -0.5306014190  0.5501512570
 0.0000000000  0.0000000000 -0.7307159878  0.3908756191
 0.0000000000  0.0000000000 -1.4706490807  1.2271160756
 0.0000000000  0.0000000000  0.3235358363 -0.4059463798
 0.0000000000  0.0000000000  0.4804467312 -4.0129221149

Total charge: 0.000000
 weighted RMSE: 0.751255 , pure ESP RMSE: 0.751257
Local charge positions and magnitude:
 0.0000000000  0.0000000000  0.2518486101  1.0000106322
 0.0000000000  0.0000000000  0.2102297204 -0.4536306477
 0.0000000000  0.0000000000  0.1987467144 -0.5464542455
 0.0000000000  0.0000000000 -0.2518176719  0.9999406325
 0.0000000000  0.0000000000 -0.2102436163 -0.4536942604
 0.0000000000  0.0000000000 -0.1987638898 -0.5461721110

Total charge: 0.000000
 weighted RMSE: 0.751255 , pure ESP RMSE: 0.751257
Local charge positions and magnitude:
 0.0000000079  0.0000000000  0.2518486101  1.0000106322
 0.0000000000  0.0000000000  0.2102297204 -0.4536306477
 0.0000000000  0.0000000000  0.1987467144 -0.5464542455
 0.0000000000  0.0000000000 -0.2518176719  0.9999406325
 0.0000000000  0.0000000000 -0.2102436163 -0.4536942604
 0.0000000000  0.0000000000 -0.1987638898 -0.5461721110

Total charge: 0.000000
 weighted RMSE: 0.751255 , pure ESP RMSE: 0.751257
Local charge positions and magnitude:
 0.0000000000  0.0000000079  0.2518486101  1.0000106322
 0.0000000000  0.0000000000  0.2102297204 -0.4536306477
 0.0000000000  0.0000000000  0.1987467144 -0.5464542455
 0.0000000000  0.0000000000 -0.2518176719  0.9999406325
 0.0000000000  0.0000000000 -0.2102436163 -0.4536942604
 0.0000000000  0.0000000000 -0.1987638898 -0.5461721110

Total charge: 0.000000
 weighted RMSE: 0.751255 , pure ESP RMSE: 0.751257
Local charge positions and magnitude:
 0.0000000000  0.0000000000  0.2518486180  1.0000106322
 0.0000000000  0.0000000000  0.2102297204 -0.4536306477
 0.0000000000  0.0000000000  0.1987467144 -0.5464542455
 0.0000000000  0.0000000000 -0.2518176719  0.9999406325
 0.0000000000  0.0000000000 -0.2102436163 -0.4536942604
 0.0000000000  0.0000000000 -0.1987638898 -0.5461721110

Total charge: 0.000000
 weighted RMSE: 0.751255 , pure ESP RMSE: 0.751257
Local charge positions and magnitude:
 0.0000000000  0.0000000000  0.2518486101  1.0000106471
 0.0000000000  0.0000000000  0.2102297204 -0.4536306477
 0.0000000000  0.0000000000  0.1987467144 -0.5464542455
 0.0000000000  0.0000000000 -0.2518176719  0.9999406325
 0.0000000000  0.0000000000 -0.2102436163 -0.4536942604
 0.0000000000  0.0000000000 -0.1987638898 -0.5461721259

Total charge: 0.000000
 weighted RMSE: 0.751255 , pure ESP RMSE: 0.751257
Local charge positions and magnitude:
 0.0000000000  0.0000000000  0.2518486101  1.0000106322
 0.0000000079  0.0000000000  0.2102297204 -0.4536306477
 0.0000000000  0.0000000000  0.1987467144 -0.5464542455
 0.0000000000  0.0000000000 -0.2518176719  0.9999406325
 0.0000000000  0.0000000000 -0.2102436163 -0.4536942604
 0.0000000000  0.0000000000 -0.1987638898 -0.5461721110

Total charge: 0.000000
 weighted RMSE: 0.751255 , pure ESP RMSE: 0.751257
Local charge positions and magnitude:
 0.0000000000  0.0000000000  0.2518486101  1.0000106322
 0.0000000000  0.0000000079  0.2102297204 -0.4536306477
 0.0000000000  0.0000000000  0.1987467144 -0.5464542455
 0.0000000000  0.0000000000 -0.2518176719  0.9999406325
 0.0000000000  0.0000000000 -0.2102436163 -0.4536942604
 0.0000000000  0.0000000000 -0.1987638898 -0.5461721110

Total charge: 0.000000
 weighted RMSE: 0.757783 , pure ESP RMSE: 4191.287691
Local charge positions and magnitude:
 0.0000000000  0.0000000000  0.4352719992  1.0000000000
 0.0000000000  0.0000000000  0.2103447631 -0.4534800000
 0.0000000000  0.0000000000  0.5291773938 -0.5465200000
 0.0000000000  0.0000000000 -0.4352719992  1.0000000000
 0.0000000000  0.0000000000 -0.2103447631 -0.4534800000
 0.0000000000  0.0000000000 -0.5291773938 -0.5465200000

Total charge: 0.000000
 weighted RMSE: 0.757783 , pure ESP RMSE: 4191.287691
Local charge positions and magnitude:
 0.0000000000  0.0000000000  0.4352719992  1.0000000000
 0.0000000000  0.0000000000  0.2103447631 -0.4534800000
 0.0000000000  0.0000000000  0.5291773938 -0.5465200000
 0.0000000000  0.0000000000 -0.4352719992  1.0000000000
 0.0000000000  0.0000000000 -0.2103447631 -0.4534800000
 0.0000000000  0.0000000000 -0.5291773938 -0.5465200000

Total charge: 0.000000
 weighted RMSE: 0.757783 , pure ESP RMSE: 4191.287691
Local charge positions and magnitude:
 0.0000000000  0.0000000000  0.4352719992  1.0000000000
 0.0000000000  0.0000000000  0.2103447631 -0.4534800000
 0.0000000000  0.0000000000  0.5291773938 -0.5465200000
 0.0000000000  0.0000000000 -0.4352719992  1.0000000000
 0.0000000000  0.0000000000 -0.2103447631 -0.4534800000
 0.0000000000  0.0000000000 -0.5291773938 -0.5465200000

Total charge: 0.000000
 weighted RMSE: 0.757783 , pure ESP RMSE: 4191.287691
Local charge positions and magnitude:
 0.0000000079  0.0000000000  0.4352719992  1.0000000000
 0.0000000000  0.0000000000  0.2103447631 -0.4534800000
 0.0000000000  0.0000000000  0.5291773938 -0.5465200000
 0.0000000000  0.0000000000 -0.4352719992  1.0000000000
 0.0000000000  0.0000000000 -0.2103447631 -0.4534800000
 0.0000000000  0.0000000000 -0.5291773938 -0.5465200000

Total charge: 0.000000
 weighted RMSE: 0.757783 , pure ESP RMSE: 4191.287691
Local charge positions and magnitude:
 0.0000000000  0.0000000079  0.4352719992  1.0000000000
 0.0000000000  0.0000000000  0.2103447631 -0.4534800000
 0.0000000000  0.0000000000  0.5291773938 -0.5465200000
 0.0000000000  0.0000000000 -0.4352719992  1.0000000000
 0.0000000000  0.0000000000 -0.2103447631 -0.4534800000
 0.0000000000  0.0000000000 -0.5291773938 -0.5465200000

Total charge: 0.000000
 weighted RMSE: 0.757783 , pure ESP RMSE: 4191.287757
Local charge positions and magnitude:
 0.0000000000  0.0000000000  0.4352720071  1.0000000000
 0.0000000000  0.0000000000  0.2103447631 -0.4534800000
 0.0000000000  0.0000000000  0.5291773938 -0.5465200000
 0.0000000000  0.0000000000 -0.4352719992  1.0000000000
 0.0000000000  0.0000000000 -0.2103447631 -0.4534800000
 0.0000000000  0.0000000000 -0.5291773938 -0.5465200000

Total charge: 0.000000
 weighted RMSE: 0.757783 , pure ESP RMSE: 4191.287691
Local charge positions and magnitude:
 0.0000000000  0.0000000000  0.4352719992  1.0000000149
